8 2 0 0.0540277 2 0.0540277 2 0 0.0540277 3 0.0540277 3 0 0.0622757 2 0.0622757 3 0.0622757 2 0 0.0540277 1 0.0540277 3 0 0.0622757 1 0.0622757 2 0.0622757 2 0 0.0539446 2 0.107889 2 0 0.0539446 1 0.107889 2 0 0.0539446 3 0.107889
11 2 0 0.0540277 1 0.0540277 2 0 0.0540277 2 0.0540277 2 0 0.0540277 3 0.0540277 2 0 0.0540277 4 0.0540277 3 0 0.0622757 1 0.0622757 2 0.0622757 3 0 0.0622757 2 0.0622757 3 0.0622757 3 0 0.0622757 2 0.0622757 4 0.0622757 2 0 0.0539446 4 0.107889 2 0 0.0539446 1 0.107889 2 0 0.0539446 3 0.107889 2 0 0.0539446 2 0.107889
1 1 0 0.0701905
1 1 0 0.0701905
1 1 0 0.0701905
8 2 0 0.0540277 1 0.0540277 2 0 0.0540277 2 0.0540277 2 0 0.0540277 3 0.0540277 3 0 0.0622757 1 0.0622757 2 0.0622757 3 0 0.0622757 1 0.0622757 3 0.0622757 2 0 0.0539446 2 0.107889 2 0 0.0539446 3 0.107889 2 0 0.0539446 1 0.107889
8 2 0 0.0540277 1 0.0540277 2 0 0.0540277 2 0.0540277 2 0 0.0540277 3 0.0540277 3 0 0.0622757 1 0.0622757 2 0.0622757 3 0 0.0622757 1 0.0622757 3 0.0622757 2 0 0.0539446 2 0.107889 2 0 0.0539446 3 0.107889 2 0 0.0539446 1 0.107889
17 2 0 0.0523707 5 0.0523707 2 1 0.660719 4 0.660719 3 0 0.0523707 1 0.0523707 4 0.0523707 4 0 0.0559004 1 0.0559004 4 0.0559004 5 0.0559004 2 1 0.660719 2 0.660719 3 0 0.0523707 1 0.0523707 2 0.0523707 4 0 0.0559004 1 0.0559004 2 0.0559004 4 0.0559004 2 0 0.0523707 3 0.0523707 4 0 0.0559004 1 0.0559004 2 0.0559004 5 0.0559004 4 0 0.0559004 1 0.0559004 3 0.0559004 4 0.0559004 3 0 0.0559004 3 0.0559004 5 0.0559004 4 0 0.0559004 1 0.0559004 2 0.0559004 3 0.0559004 6 0 0.0276325 1 0.0276325 2 0.0276325 3 0.0276325 4 0.0276325 5 0.0276325 3 0 0.0522927 1 0.104585 2 0.104585 2 0 0.0522927 3 0.104585 3 0 0.0522927 1 0.104585 4 0.104585 2 0 0.0522927 5 0.104585
9 2 0 0.0535606 1 0.0535606 2 0 0.0535606 2 0.0535606 2 0 0.0544038 3 0.0544038 3 0 0.0586834 1 0.0586834 2 0.0586834 3 0 0.0596972 1 0.0596972 3 0.0596972 3 0 0.0596972 2 0.0596972 3 0.0596972 2 0 0.0534789 2 0.106958 2 0 0.0534789 1 0.106958 2 0 0.0543196 3 0.108639
9 2 0 0.0535606 2 0.0535606 2 0 0.0544038 3 0.0544038 3 0 0.0596972 2 0.0596972 3 0.0596972 2 0 0.0544038 1 0.0544038 3 0 0.0596972 1 0.0596972 2 0.0596972 3 0 0.0607466 1 0.0607466 3 0.0607466 2 0 0.0534789 2 0.106958 2 0 0.0543196 1 0.108639 2 0 0.0543196 3 0.108639
9 2 0 0.0535606 2 0.0535606 2 0 0.0535606 3 0.0535606 3 0 0.0586834 2 0.0586834 3 0.0586834 2 0 0.0544038 1 0.0544038 3 0 0.0596972 1 0.0596972 2 0.0596972 3 0 0.0596972 1 0.0596972 3 0.0596972 2 0 0.0534789 3 0.106958 2 0 0.0543196 1 0.108639 2 0 0.0534789 2 0.106958
9 2 0 0.0535606 2 0.0535606 2 0 0.0544038 3 0.0544038 3 0 0.0596972 2 0.0596972 3 0.0596972 2 0 0.0544038 1 0.0544038 3 0 0.0596972 1 0.0596972 2 0.0596972 3 0 0.0607466 1 0.0607466 3 0.0607466 2 0 0.0543196 1 0.108639 2 0 0.0534789 2 0.106958 2 0 0.0543196 3 0.108639
17 2 0 0.0544038 5 0.0544038 2 1 0.918013 4 0.918013 3 0 0.0535606 1 0.0535606 4 0.0535606 4 0 0.0596972 1 0.0596972 4 0.0596972 5 0.0596972 2 1 1.2501 2 1.2501 3 0 0.0544038 1 0.0544038 2 0.0544038 4 0 0.0596972 1 0.0596972 2 0.0596972 4 0.0596972 2 0 0.0535606 3 0.0535606 4 0 0.0607466 1 0.0607466 2 0.0607466 5 0.0607466 4 0 0.0586834 1 0.0586834 3 0.0586834 4 0.0586834 3 0 0.0596972 3 0.0596972 5 0.0596972 4 0 0.0596972 1 0.0596972 2 0.0596972 3 0.0596972 6 0 0.0282958 1 0.0282958 2 0.0282958 3 0.0282958 4 0.0282958 5 0.0282958 3 0 0.0543196 1 0.108639 2 0.108639 2 0 0.0534789 3 0.106958 3 0 0.0534789 1 0.106958 4 0.106958 2 0 0.0543196 5 0.108639
17 2 0 0.0523707 5 0.0523707 2 1 0.660719 4 0.660719 3 0 0.0523707 1 0.0523707 4 0.0523707 4 0 0.0559004 1 0.0559004 4 0.0559004 5 0.0559004 2 1 0.660719 2 0.660719 3 0 0.0523707 1 0.0523707 2 0.0523707 4 0 0.0559004 1 0.0559004 2 0.0559004 4 0.0559004 2 0 0.0523707 3 0.0523707 4 0 0.0559004 1 0.0559004 2 0.0559004 5 0.0559004 4 0 0.0559004 1 0.0559004 3 0.0559004 4 0.0559004 3 0 0.0559004 3 0.0559004 5 0.0559004 4 0 0.0559004 1 0.0559004 2 0.0559004 3 0.0559004 6 0 0.0276325 1 0.0276325 2 0.0276325 3 0.0276325 4 0.0276325 5 0.0276325 3 0 0.0522927 1 0.104585 2 0.104585 2 0 0.0522927 3 0.104585 3 0 0.0522927 1 0.104585 4 0.104585 2 0 0.0522927 5 0.104585
6 2 0 0.0628208 2 0.0628208 1 0 0.0583977 2 0 0.0523707 1 0.0523707 3 0 0.0559004 1 0.0559004 2 0.0559004 2 0 0.0522927 1 0.104585 2 0 0.0522927 2 0.104585
5 1 1 0.0961655 2 0 0.0769776 1 0.0769776 1 0 0.0583429 2 0 0.0788951 1 0.0394475 2 0 0.048946 1 0.097892
5 1 1 0.0961655 2 0 0.0769776 1 0.0769776 1 0 0.0583429 2 0 0.0788951 1 0.0394475 2 0 0.048946 1 0.097892
5 1 1 0.0961655 2 0 0.0769776 1 0.0769776 1 0 0.0583429 2 0 0.0788951 1 0.0394475 2 0 0.048946 1 0.097892
5 1 1 0.0961655 2 0 0.0769776 1 0.0769776 1 0 0.0583429 2 0 0.0788951 1 0.0394475 2 0 0.048946 1 0.097892
5 1 1 0.0961655 2 0 0.0769776 1 0.0769776 1 0 0.0583429 2 0 0.0788951 1 0.0394475 2 0 0.048946 1 0.097892
3 1 0 0.0729354 2 0 0.0490223 1 0.0490223 2 0 0.0342974 1 0.0685948
3 1 0 0.0729354 2 0 0.0490223 1 0.0490223 2 0 0.0342974 1 0.0685948
3 1 0 0.0729354 2 0 0.0490223 1 0.0490223 2 0 0.0342974 1 0.0685948
3 1 0 0.0729354 2 0 0.0541817 1 0.0541817 2 0 0.0396538 1 0.0793075
3 1 0 0.0729354 2 0 0.0541817 1 0.0541817 2 0 0.0396538 1 0.0793075
3 1 0 0.0729354 2 0 0.0541817 1 0.0541817 2 0 0.0396538 1 0.0793075
3 1 0 0.0729354 2 0 0.0513971 1 0.0513971 2 0 0.0367207 1 0.0734414
3 1 0 0.0729354 2 0 0.0513971 1 0.0513971 2 0 0.0367207 1 0.0734414
3 1 0 0.0729354 2 0 0.0513971 1 0.0513971 2 0 0.0367207 1 0.0734414
3 1 0 0.0729431 2 0 0.0490258 1 0.0490258 2 0 0.0342974 1 0.0685948
3 1 0 0.0729431 2 0 0.0490258 1 0.0490258 2 0 0.0342974 1 0.0685948
3 1 0 0.0729431 2 0 0.0490258 1 0.0490258 2 0 0.0342974 1 0.0685948
3 2 0 0.0490258 1 0.0490258 1 0 0.0729431 2 0 0.0342974 1 0.0685948
3 1 0 0.0729431 2 0 0.0490258 1 0.0490258 2 0 0.0342974 1 0.0685948
3 2 0 0.0490258 1 0.0490258 1 0 0.0729431 2 0 0.0342974 1 0.0685948
10 2 2 0.240743 3 0.240743 3 0 0.0488879 2 0.0488879 3 0.0488879 2 1 0.064063 2 0.064063 2 0 0.060206 1 0.060206 4 0 0.0514008 1 0.0514008 2 0.0514008 3 0.0514008 3 0 0.0638005 1 0.0638005 2 0.0638005 2 1 0.0638005 2 0.127601 2 0 0.0595187 1 0.119037 3 0 0.0399395 2 0.079879 3 0.079879 2 0 0.110417 1 0.0552083
10 2 2 0.240743 3 0.240743 2 0 0.064063 2 0.064063 3 1 0.0488879 2 0.0488879 3 0.0488879 2 0 0.060206 1 0.060206 3 0 0.0638005 1 0.0638005 2 0.0638005 4 0 0.0514008 1 0.0514008 2 0.0514008 3 0.0514008 2 0 0.119037 1 0.0595187 2 0 0.0552083 1 0.110417 2 0 0.0638005 2 0.127601 3 1 0.0399395 2 0.079879 3 0.079879
10 2 2 0.240743 3 0.240743 2 0 0.064063 2 0.064063 3 1 0.0488879 2 0.0488879 3 0.0488879 2 0 0.060206 1 0.060206 3 0 0.0638005 1 0.0638005 2 0.0638005 4 0 0.0514008 1 0.0514008 2 0.0514008 3 0.0514008 2 0 0.119037 1 0.0595187 2 0 0.0552083 1 0.110417 2 0 0.0638005 2 0.127601 3 1 0.0399395 2 0.079879 3 0.079879
10 2 2 0.240743 3 0.240743 2 0 0.064063 2 0.064063 3 1 0.0488879 2 0.0488879 3 0.0488879 2 0 0.060206 1 0.060206 3 0 0.0638005 1 0.0638005 2 0.0638005 4 0 0.0514008 1 0.0514008 2 0.0514008 3 0.0514008 2 0 0.119037 1 0.0595187 2 0 0.0552083 1 0.110417 2 0 0.0638005 2 0.127601 3 1 0.0399395 2 0.079879 3 0.079879
4 1 0 0.0707428 2 0 0.0514008 1 0.0514008 2 0 0.079879 1 0.0399395 2 0 0.0367226 1 0.0734452
8 1 0 0.0707428 2 0 0.0514008 1 0.0514008 3 0 0.062726 1 0.062726 2 0.062726 3 0 0.0441293 1 0.0882586 2 0.0882586 2 0 0.0367226 1 0.0734452 2 0 0.079879 1 0.0399395 3 0 0.0985893 1 0.0492946 2 0.0985893 3 0 0.104108 1 0.104108 2 0.0520541
5 3 0 0.062726 1 0.062726 2 0.062726 1 1 0.0707428 3 0 0.0882586 1 0.0441293 2 0.0882586 3 0 0.104108 1 0.104108 2 0.0520541 3 0 0.0492946 1 0.0985893 2 0.0985893
4 2 0 0.0586334 1 0.0586334 1 1 0.0707428 2 0 0.0492946 1 0.0985893 2 0 0.0882586 1 0.0441293
4 2 0 0.0514008 1 0.0514008 1 1 0.0707428 2 0 0.0399395 1 0.079879 2 0 0.0734452 1 0.0367226
7 2 0 0.0488879 1 0.0488879 3 0 0.062726 1 0.062726 2 0.062726 3 0 0.0882586 1 0.0441293 2 0.0882586 2 0 0.0399395 1 0.079879 2 0 0.0734452 1 0.0367226 3 0 0.104108 1 0.104108 2 0.0520541 3 0 0.0492946 1 0.0985893 2 0.0985893
8 2 0 0.0514008 1 0.0514008 3 0 0.062726 1 0.062726 2 0.062726 1 1 0.0707428 3 0 0.0882586 1 0.0441293 2 0.0882586 2 0 0.0399395 1 0.079879 2 0 0.0734452 1 0.0367226 3 0 0.104108 1 0.104108 2 0.0520541 3 0 0.0492946 1 0.0985893 2 0.0985893
5 3 0 0.062726 1 0.062726 2 0.062726 1 0 0.0707428 3 0 0.0441293 1 0.0882586 2 0.0882586 3 0 0.104108 1 0.104108 2 0.0520541 3 0 0.0985893 1 0.0492946 2 0.0985893
8 1 0 0.0707428 3 0 0.062726 1 0.062726 2 0.062726 2 0 0.0514008 1 0.0514008 2 0 0.079879 1 0.0399395 2 0 0.0367226 1 0.0734452 3 0 0.0441293 1 0.0882586 2 0.0882586 3 0 0.104108 1 0.104108 2 0.0520541 3 0 0.0985893 1 0.0492946 2 0.0985893
8 1 0 0.0707428 3 0 0.062726 1 0.062726 2 0.062726 2 0 0.0514008 1 0.0514008 2 0 0.079879 1 0.0399395 2 0 0.0367226 1 0.0734452 3 0 0.0441293 1 0.0882586 2 0.0882586 3 0 0.104108 1 0.104108 2 0.0520541 3 0 0.0985893 1 0.0492946 2 0.0985893
15 2 2 0.064318 3 0.064318 1 4 0.293613 2 0 0.278943 3 0.278943 3 0 0.0551509 2 0.0551509 3 0.0551509 2 1 0.060206 2 0.060206 3 1 0.0640534 2 0.0640534 3 0.0640534 3 0 0.0468492 1 0.0468492 4 0.0468492 4 0 0.049152 1 0.049152 3 0.049152 4 0.049152 4 0 0.049152 1 0.049152 2 0.049152 4 0.049152 2 1 0.0595187 2 0.119037 3 0 0.0249472 1 0.0498944 4 0.0498944 3 0 0.0747189 1 0.0373595 4 0.0747189 2 1 0.110417 2 0.0552083 2 0 0.278943 3 0.557886 2 2 0.0640534 3 0.128107
15 1 4 0.293613 2 0 0.278943 3 0.278943 2 1 0.064318 3 0.064318 3 0 0.0551509 1 0.0551509 3 0.0551509 3 0 0.0468492 2 0.0468492 4 0.0468492 2 1 0.060206 2 0.060206 4 0 0.049152 2 0.049152 3 0.049152 4 0.049152 3 1 0.0640534 2 0.0640534 3 0.0640534 4 0 0.049152 1 0.049152 2 0.049152 4 0.049152 3 0 0.0249472 2 0.0498944 4 0.0498944 2 1 0.119037 2 0.0595187 2 1 0.0640534 3 0.128107 2 1 0.0552083 2 0.110417 2 0 0.278943 3 0.557886 3 0 0.0747189 2 0.0373595 4 0.0747189
15 1 4 0.293613 2 1 0.278943 3 0.278943 3 0 0.0468492 1 0.0468492 4 0.0468492 4 0 0.049152 1 0.049152 3 0.049152 4 0.049152 2 2 0.064318 3 0.064318 2 0 0.060206 2 0.060206 3 0 0.0640534 2 0.0640534 3 0.0640534 4 0 0.049152 1 0.049152 2 0.049152 4 0.049152 3 1 0.0551509 2 0.0551509 3 0.0551509 2 2 0.0640534 3 0.128107 2 0 0.0595187 2 0.119037 3 0 0.0498944 1 0.0249472 4 0.0498944 2 0 0.110417 2 0.0552083 2 1 0.278943 3 0.557886 3 0 0.0373595 1 0.0747189 4 0.0747189
15 1 4 0.293613 2 1 0.278943 3 0.278943 3 0 0.0468492 1 0.0468492 4 0.0468492 4 0 0.049152 1 0.049152 3 0.049152 4 0.049152 2 2 0.064318 3 0.064318 2 0 0.060206 2 0.060206 3 0 0.0640534 2 0.0640534 3 0.0640534 4 0 0.049152 1 0.049152 2 0.049152 4 0.049152 3 1 0.0551509 2 0.0551509 3 0.0551509 2 2 0.0640534 3 0.128107 2 0 0.0595187 2 0.119037 3 0 0.0498944 1 0.0249472 4 0.0498944 2 0 0.110417 2 0.0552083 2 1 0.278943 3 0.557886 3 0 0.0373595 1 0.0747189 4 0.0747189
4 1 1 0.0707428 2 0 0.0695352 1 0.0695352 2 0 0.0879552 1 0.0439776 2 0 0.0518432 1 0.103686
4 2 0 0.0695352 1 0.0695352 1 1 0.0707428 2 0 0.0518432 1 0.103686 2 0 0.0879552 1 0.0439776
4 2 0 0.0695352 1 0.0695352 1 0 0.0707428 2 0 0.0439776 1 0.0879552 2 0 0.103686 1 0.0518432
4 2 0 0.0695352 1 0.0695352 1 0 0.0707428 2 0 0.103686 1 0.0518432 2 0 0.0439776 1 0.0879552
4 1 1 0.0707428 2 0 0.0695352 1 0.0695352 2 0 0.0879552 1 0.0439776 2 0 0.0518432 1 0.103686
4 2 0 0.0695352 1 0.0695352 1 1 0.0707428 2 0 0.0518432 1 0.103686 2 0 0.0879552 1 0.0439776
4 2 0 0.0695352 1 0.0695352 1 0 0.0707428 2 0 0.0439776 1 0.0879552 2 0 0.103686 1 0.0518432
4 2 0 0.0695352 1 0.0695352 1 0 0.0707428 2 0 0.103686 1 0.0518432 2 0 0.0439776 1 0.0879552
4 1 0 0.0707428 2 0 0.0514008 1 0.0514008 2 0 0.079879 1 0.0399395 2 0 0.0367226 1 0.0734452
8 1 0 0.0707428 2 0 0.0514008 1 0.0514008 3 0 0.062726 1 0.062726 2 0.062726 3 0 0.0441293 1 0.0882586 2 0.0882586 2 0 0.0367226 1 0.0734452 2 0 0.079879 1 0.0399395 3 0 0.0985893 1 0.0492946 2 0.0985893 3 0 0.104108 1 0.104108 2 0.0520541
5 3 0 0.062726 1 0.062726 2 0.062726 1 1 0.0707428 3 0 0.0882586 1 0.0441293 2 0.0882586 3 0 0.0492946 1 0.0985893 2 0.0985893 3 0 0.104108 1 0.104108 2 0.0520541
4 2 0 0.0586334 1 0.0586334 1 1 0.0707428 2 0 0.0492946 1 0.0985893 2 0 0.0882586 1 0.0441293
4 2 0 0.0514008 1 0.0514008 1 1 0.0707428 2 0 0.0399395 1 0.079879 2 0 0.0734452 1 0.0367226
7 2 0 0.0488879 1 0.0488879 3 0 0.062726 1 0.062726 2 0.062726 3 0 0.0882586 1 0.0441293 2 0.0882586 2 0 0.0399395 1 0.079879 2 0 0.0734452 1 0.0367226 3 0 0.104108 1 0.104108 2 0.0520541 3 0 0.0492946 1 0.0985893 2 0.0985893
8 2 0 0.0514008 1 0.0514008 3 0 0.062726 1 0.062726 2 0.062726 1 1 0.0707428 3 0 0.0882586 1 0.0441293 2 0.0882586 2 0 0.0399395 1 0.079879 2 0 0.0734452 1 0.0367226 3 0 0.104108 1 0.104108 2 0.0520541 3 0 0.0492946 1 0.0985893 2 0.0985893
5 3 0 0.062726 1 0.062726 2 0.062726 1 0 0.0707428 3 0 0.0441293 1 0.0882586 2 0.0882586 3 0 0.104108 1 0.0520541 2 0.104108 3 0 0.0985893 1 0.0985893 2 0.0492946
8 3 0 0.062726 1 0.062726 2 0.062726 1 0 0.0707428 2 0 0.0514008 1 0.0514008 3 0 0.0441293 1 0.0882586 2 0.0882586 2 0 0.0367226 1 0.0734452 2 0 0.079879 1 0.0399395 3 0 0.0985893 1 0.0492946 2 0.0985893 3 0 0.104108 1 0.104108 2 0.0520541
8 1 2 0.0707428 3 0 0.062726 1 0.062726 2 0.062726 2 0 0.0514008 2 0.0514008 2 0 0.0399395 2 0.079879 2 0 0.0734452 2 0.0367226 3 0 0.0492946 1 0.0985893 2 0.0985893 3 0 0.0882586 1 0.0882586 2 0.0441293 3 0 0.104108 1 0.0520541 2 0.104108
4 1 0 0.0707428 2 0 0.0514008 1 0.0514008 2 0 0.079879 1 0.0399395 2 0 0.0367226 1 0.0734452
8 1 0 0.0707428 2 0 0.0514008 1 0.0514008 3 0 0.062726 1 0.062726 2 0.062726 3 0 0.0441293 1 0.0882586 2 0.0882586 2 0 0.0367226 1 0.0734452 2 0 0.079879 1 0.0399395 3 0 0.0985893 1 0.0492946 2 0.0985893 3 0 0.104108 1 0.104108 2 0.0520541
5 3 0 0.062726 1 0.062726 2 0.062726 1 1 0.0707428 3 0 0.0882586 1 0.0441293 2 0.0882586 3 0 0.0492946 1 0.0985893 2 0.0985893 3 0 0.104108 1 0.104108 2 0.0520541
4 2 0 0.0586334 1 0.0586334 1 1 0.0707428 2 0 0.0492946 1 0.0985893 2 0 0.0882586 1 0.0441293
4 2 0 0.0514008 1 0.0514008 1 1 0.0707428 2 0 0.0399395 1 0.079879 2 0 0.0734452 1 0.0367226
7 2 0 0.0488879 1 0.0488879 3 0 0.062726 1 0.062726 2 0.062726 3 0 0.0882586 1 0.0441293 2 0.0882586 2 0 0.0399395 1 0.079879 2 0 0.0734452 1 0.0367226 3 0 0.104108 1 0.104108 2 0.0520541 3 0 0.0492946 1 0.0985893 2 0.0985893
8 2 0 0.0514008 1 0.0514008 3 0 0.062726 1 0.062726 2 0.062726 1 1 0.0707428 3 0 0.0882586 1 0.0441293 2 0.0882586 2 0 0.0399395 1 0.079879 2 0 0.0734452 1 0.0367226 3 0 0.104108 1 0.104108 2 0.0520541 3 0 0.0492946 1 0.0985893 2 0.0985893
5 3 0 0.062726 1 0.062726 2 0.062726 1 0 0.0707428 3 0 0.0441293 1 0.0882586 2 0.0882586 3 0 0.104108 1 0.0520541 2 0.104108 3 0 0.0985893 1 0.0985893 2 0.0492946
8 3 0 0.062726 1 0.062726 2 0.062726 1 0 0.0707428 2 0 0.0514008 1 0.0514008 3 0 0.0441293 1 0.0882586 2 0.0882586 2 0 0.0367226 1 0.0734452 2 0 0.079879 1 0.0399395 3 0 0.0985893 1 0.0492946 2 0.0985893 3 0 0.104108 1 0.104108 2 0.0520541
8 1 2 0.0707428 3 0 0.0647249 1 0.0647249 2 0.0647249 2 0 0.0514008 2 0.0514008 2 0 0.0399395 2 0.079879 2 0 0.0734452 2 0.0367226 3 0 0.0492946 1 0.0985893 2 0.0985893 3 0 0.0882586 1 0.0882586 2 0.0441293 3 0 0.104108 1 0.0520541 2 0.104108
8 1 2 0.0707428 3 0 0.0647249 1 0.0647249 2 0.0647249 2 0 0.0514008 2 0.0514008 2 0 0.0399395 2 0.079879 2 0 0.0734452 2 0.0367226 3 0 0.0492946 1 0.0985893 2 0.0985893 3 0 0.0882586 1 0.0882586 2 0.0441293 3 0 0.104108 1 0.0520541 2 0.104108
8 1 2 0.0707428 3 0 0.0647249 1 0.0647249 2 0.0647249 2 0 0.0514008 2 0.0514008 2 0 0.0399395 2 0.079879 2 0 0.0734452 2 0.0367226 3 0 0.0492946 1 0.0985893 2 0.0985893 3 0 0.0882586 1 0.0882586 2 0.0441293 3 0 0.104108 1 0.0520541 2 0.104108
8 2 0 0.0830557 1 0.0830557 2 0 0.0830557 2 0.0830557 2 0 0.0830557 3 0.0830557 3 0 0.0854899 1 0.0854899 2 0.0854899 3 0 0.0854899 2 0.0854899 3 0.0854899 2 0 0.060039 2 0.120078 2 0 0.060039 3 0.120078 2 0 0.060039 1 0.120078
1 1 0 0.207474
11 2 0 0.0830557 1 0.0830557 2 0 0.0830557 2 0.0830557 2 0 0.0830557 3 0.0830557 2 0 0.0830557 4 0.0830557 3 0 0.0854899 1 0.0854899 2 0.0854899 3 0 0.0854899 2 0.0854899 3 0.0854899 3 0 0.0854899 1 0.0854899 4 0.0854899 2 0 0.060039 4 0.120078 2 0 0.060039 1 0.120078 2 0 0.060039 2 0.120078 2 0 0.060039 3 0.120078
11 2 0 0.0830557 1 0.0830557 2 0 0.0830557 2 0.0830557 2 0 0.0830557 3 0.0830557 2 0 0.0830557 4 0.0830557 3 0 0.0854899 1 0.0854899 2 0.0854899 3 0 0.0854899 2 0.0854899 3 0.0854899 3 0 0.0854899 1 0.0854899 4 0.0854899 2 0 0.060039 4 0.120078 2 0 0.060039 1 0.120078 2 0 0.060039 2 0.120078 2 0 0.060039 3 0.120078
3 1 0 0.361763 2 0 0.112048 1 0.112048 2 0 0.0367245 1 0.073449
3 1 0 0.361763 2 0 0.112048 1 0.112048 2 0 0.0367245 1 0.073449
3 1 0 0.361763 2 0 0.112048 1 0.112048 2 0 0.0367245 1 0.073449
3 1 0 0.361763 2 0 0.112048 1 0.112048 2 0 0.0367245 1 0.073449
1 1 0 0.100758
1 1 0 0.100758
6 1 0 0.277243 2 0 0.0946271 2 0.0946271 2 0 0.111977 1 0.111977 3 0 0.0359133 1 0.0359133 2 0.0359133 2 0 0.0367169 1 0.0734338 2 0 0.0313902 2 0.0627803
6 1 0 0.277243 2 0 0.111977 1 0.111977 2 0 0.0946271 2 0.0946271 3 0 0.0359133 1 0.0359133 2 0.0359133 2 0 0.0313902 2 0.0627803 2 0 0.0367169 1 0.0734338
6 1 0 0.277243 2 0 0.0946271 1 0.0946271 2 0 0.111977 2 0.111977 3 0 0.0359133 1 0.0359133 2 0.0359133 2 0 0.0313902 1 0.0627803 2 0 0.0367169 2 0.0734338
5 1 0 0.0642395 1 1 0.0601999 2 0 0.060206 1 0.060206 2 0 0.119037 1 0.0595187 2 0 0.0552083 1 0.110417
5 1 0 0.0601999 1 1 0.0642395 2 0 0.060206 1 0.060206 2 0 0.110417 1 0.0552083 2 0 0.0595187 1 0.119037
5 1 0 0.0601999 1 1 0.0642395 2 0 0.060206 1 0.060206 2 0 0.110417 1 0.0552083 2 0 0.0595187 1 0.119037
5 1 0 0.0632634 1 1 0.0642395 2 0 0.065503 1 0.065503 2 0 0.113812 1 0.0569061 2 0 0.0614969 1 0.122994
6 5 0 0.0931197 1 0.0931197 2 0.0931197 3 0.0931197 4 0.0931197 5 0 0.0868274 1 0.173655 2 0.173655 3 0.173655 4 0.173655 5 0 0.0906656 1 0.0906656 2 0.0906656 3 0.0453328 4 0.0906656 5 0 0.125879 1 0.125879 2 0.125879 3 0.125879 4 0.0629394 5 0 0.132532 1 0.066266 2 0.132532 3 0.132532 4 0.132532 5 0 0.166575 1 0.166575 2 0.0832875 3 0.166575 4 0.166575
6 5 0 0.0978547 1 0.0978547 2 0.0978547 3 0.0978547 4 0.0978547 5 0 0.0909299 1 0.18186 2 0.18186 3 0.18186 4 0.18186 5 0 0.0928529 1 0.0928529 2 0.0928529 3 0.0464264 4 0.0928529 5 0 0.130135 1 0.130135 2 0.130135 3 0.130135 4 0.0650674 5 0 0.137258 1 0.0686292 2 0.137258 3 0.137258 4 0.137258 5 0 0.17411 1 0.17411 2 0.0870552 3 0.17411 4 0.17411
6 5 0 0.0931197 1 0.0931197 2 0.0931197 3 0.0931197 4 0.0931197 5 0 0.0832875 1 0.166575 2 0.166575 3 0.166575 4 0.166575 5 0 0.132532 1 0.132532 2 0.132532 3 0.066266 4 0.132532 5 0 0.125879 1 0.125879 2 0.125879 3 0.125879 4 0.0629394 5 0 0.173655 1 0.0868274 2 0.173655 3 0.173655 4 0.173655 5 0 0.0906656 1 0.0906656 2 0.0453328 3 0.0906656 4 0.0906656
5 4 0 0.0590736 1 0.0590736 2 0.0590736 3 0.0590736 4 0 0.0939002 1 0.0939002 2 0.0469501 3 0.0939002 4 0 0.0590736 1 0.118147 2 0.118147 3 0.118147 4 0 0.111776 1 0.0558878 2 0.111776 3 0.111776 4 0 0.0728067 1 0.0728067 2 0.0728067 3 0.0364033
5 4 0 0.0624858 1 0.0624858 2 0.0624858 3 0.0624858 4 0 0.0981603 1 0.0981603 2 0.0490802 3 0.0981603 4 0 0.0624858 1 0.124972 2 0.124972 3 0.124972 4 0 0.117865 1 0.0589324 2 0.117865 3 0.117865 4 0 0.075342 1 0.075342 2 0.075342 3 0.037671
5 4 0 0.0590736 1 0.0590736 2 0.0590736 3 0.0590736 4 0 0.111776 1 0.111776 2 0.0558878 3 0.111776 4 0 0.0364033 1 0.0728067 2 0.0728067 3 0.0728067 4 0 0.0939002 1 0.0469501 2 0.0939002 3 0.0939002 4 0 0.118147 1 0.118147 2 0.118147 3 0.0590736
3 1 0 0.191332 2 0 0.168949 1 0.168949 2 0 0.0644889 1 0.128978
3 1 0 0.191332 2 0 0.168949 1 0.168949 2 0 0.0644889 1 0.128978
3 1 0 0.191332 2 0 0.168949 1 0.168949 2 0 0.0644889 1 0.128978
16 2 0 0.0669075 3 0.0669075 2 0 0.278943 1 0.278943 3 0 0.0709681 1 0.0709681 3 0.0709681 2 2 0.0669075 3 0.0669075 3 0 0.0649151 2 0.0649151 3 0.0649151 2 1 0.278943 2 0.278943 3 0 0.26265 1 0.26265 2 0.26265 3 1 0.0709681 2 0.0709681 3 0.0709681 2 0 0.416029 1 0.208015 2 0 0.278943 1 0.557886 2 0 0.0296312 3 0.0592625 2 1 0.208015 2 0.416029 2 2 0.0296312 3 0.0592625 2 2 0.112282 3 0.0561411 2 1 0.557886 2 0.278943 2 0 0.112282 3 0.0561411
16 2 1 0.0669075 3 0.0669075 2 0 0.278943 1 0.278943 2 2 0.0669075 3 0.0669075 2 0 0.278943 2 0.278943 3 0 0.0709681 1 0.0709681 3 0.0709681 3 0 0.26265 1 0.26265 2 0.26265 3 0 0.0709681 2 0.0709681 3 0.0709681 3 1 0.0649151 2 0.0649151 3 0.0649151 2 0 0.557886 1 0.278943 2 0 0.208015 1 0.416029 2 2 0.0296312 3 0.0592625 2 1 0.112282 3 0.0561411 2 0 0.557886 2 0.278943 2 0 0.208015 2 0.416029 2 2 0.112282 3 0.0561411 2 1 0.0296312 3 0.0592625
16 2 0 0.0669075 3 0.0669075 2 0 0.0669075 1 0.0669075 2 2 0.278943 3 0.278943 3 0 0.0649151 1 0.0649151 3 0.0649151 2 1 0.278943 2 0.278943 3 0 0.0709681 1 0.0709681 2 0.0709681 3 1 0.26265 2 0.26265 3 0.26265 3 0 0.0709681 2 0.0709681 3 0.0709681 2 0 0.0592625 1 0.0296312 2 0 0.0561411 1 0.112282 2 2 0.208015 3 0.416029 2 0 0.0561411 3 0.112282 2 2 0.557886 3 0.278943 2 1 0.416029 2 0.208015 2 1 0.278943 2 0.557886 2 0 0.0592625 3 0.0296312
16 2 0 0.0669075 3 0.0669075 2 0 0.0669075 1 0.0669075 2 2 0.278943 3 0.278943 3 0 0.0649151 1 0.0649151 3 0.0649151 2 1 0.278943 2 0.278943 3 0 0.0709681 1 0.0709681 2 0.0709681 3 1 0.26265 2 0.26265 3 0.26265 3 0 0.0709681 2 0.0709681 3 0.0709681 2 0 0.0592625 1 0.0296312 2 0 0.0561411 1 0.112282 2 2 0.208015 3 0.416029 2 0 0.0561411 3 0.112282 2 2 0.557886 3 0.278943 2 1 0.416029 2 0.208015 2 1 0.278943 2 0.557886 2 0 0.0592625 3 0.0296312
4 1 0 0.389494 2 0 0.151412 1 0.151412 2 0 0.103686 1 0.0518432 2 0 0.0439776 1 0.0879552
20 2 4 0.0479081 5 0.0479081 2 2 0.0479081 5 0.0479081 2 3 0.0605454 4 0.0605454 1 0 0.389494 4 0 0.102047 1 0.102047 2 0.102047 3 0.102047 2 0 0.151412 1 0.151412 5 0 0.0490808 1 0.0490808 2 0.0490808 3 0.0490808 5 0.0490808 3 2 0.0247285 4 0.0247285 5 0.0247285 5 0 0.0494191 1 0.0494191 2 0.0494191 3 0.0494191 4 0.0494191 3 3 0.0643716 4 0.0643716 5 0.0643716 2 0 0.103686 1 0.0518432 2 0 0.0439776 1 0.0879552 2 3 0.0598504 4 0.119701 4 0 0.0794268 1 0.0397134 2 0.0794268 3 0.0794268 2 4 0.0478663 5 0.0957325 4 0 0.0798304 1 0.0798304 2 0.0399152 3 0.0798304 4 0 0.0343807 1 0.0687615 2 0.0687615 3 0.0687615 2 2 0.0478663 5 0.0957325 4 0 0.074766 1 0.074766 2 0.074766 3 0.037383 2 3 0.120111 4 0.0600555
4 2 0 0.0599084 1 0.0599084 1 0 0.0722077 2 0 0.103686 1 0.0518432 2 0 0.0439776 1 0.0879552
4 1 0 0.505441 2 0 0.151412 1 0.151412 2 0 0.103686 1 0.0518432 2 0 0.0439776 1 0.0879552
20 2 0 0.0479081 5 0.0479081 2 1 0.0479081 5 0.0479081 2 0 0.0605454 2 0.0605454 1 3 0.505441 4 1 0.102047 2 0.102047 3 0.102047 4 0.102047 2 3 0.151412 4 0.151412 3 0 0.0247285 1 0.0247285 5 0.0247285 3 0 0.0643716 2 0.0643716 5 0.0643716 5 1 0.0490808 2 0.0490808 3 0.0490808 4 0.0490808 5 0.0490808 5 0 0.0494191 1 0.0494191 2 0.0494191 3 0.0494191 4 0.0494191 2 0 0.119701 2 0.0598504 2 0 0.0600555 2 0.120111 2 0 0.0478663 5 0.0957325 2 1 0.0478663 5 0.0957325 4 1 0.0687615 2 0.0687615 3 0.0343807 4 0.0687615 4 1 0.074766 2 0.037383 3 0.074766 4 0.074766 4 1 0.0399152 2 0.0798304 3 0.0798304 4 0.0798304 2 3 0.0439776 4 0.0879552 4 1 0.0794268 2 0.0794268 3 0.0794268 4 0.0397134 2 3 0.103686 4 0.0518432
3 1 0 0.505441 2 0 0.151412 1 0.151412 2 0 0.0439776 1 0.0879552
3 1 0 0.505441 2 0 0.102047 1 0.102047 2 0 0.0343807 1 0.0687615
15 2 0 0.0479081 3 0.0479081 2 1 0.0479081 3 0.0479081 2 0 0.0605454 2 0.0605454 3 1 0.0468863 2 0.0468863 4 0.0468863 1 4 0.620774 3 0 0.0247285 1 0.0247285 3 0.0247285 3 0 0.0643716 2 0.0643716 3 0.0643716 4 1 0.0490808 2 0.0490808 3 0.0490808 4 0.0490808 4 0 0.0494191 1 0.0494191 2 0.0494191 4 0.0494191 2 0 0.119701 2 0.0598504 2 0 0.0600555 2 0.120111 2 0 0.0478663 3 0.0957325 3 1 0.074766 2 0.037383 4 0.074766 3 1 0.0399152 2 0.0798304 4 0.0798304 2 1 0.0478663 3 0.0957325
20 2 0 0.0479081 5 0.0479081 2 1 0.0479081 5 0.0479081 2 0 0.0605454 2 0.0605454 4 1 0.0588109 2 0.0588109 3 0.0588109 4 0.0588109 1 3 0.0722077 2 3 0.0599084 4 0.0599084 3 0 0.0247285 1 0.0247285 5 0.0247285 3 0 0.0643716 2 0.0643716 5 0.0643716 5 1 0.0490808 2 0.0490808 3 0.0490808 4 0.0490808 5 0.0490808 5 0 0.0494191 1 0.0494191 2 0.0494191 3 0.0494191 4 0.0494191 2 0 0.119701 2 0.0598504 2 0 0.0600555 2 0.120111 2 0 0.0478663 5 0.0957325 2 1 0.0478663 5 0.0957325 4 1 0.0687615 2 0.0687615 3 0.0343807 4 0.0687615 4 1 0.074766 2 0.037383 3 0.074766 4 0.074766 4 1 0.0399152 2 0.0798304 3 0.0798304 4 0.0798304 2 3 0.0439776 4 0.0879552 4 1 0.0794268 2 0.0794268 3 0.0794268 4 0.0397134 2 3 0.103686 4 0.0518432
4 1 0 0.277243 2 0 0.151412 1 0.151412 2 0 0.103686 1 0.0518432 2 0 0.0439776 1 0.0879552
20 2 0 0.0479081 5 0.0479081 2 1 0.0479081 5 0.0479081 2 0 0.0605454 2 0.0605454 1 3 0.277243 4 1 0.102047 2 0.102047 3 0.102047 4 0.102047 2 3 0.151412 4 0.151412 3 0 0.0247285 1 0.0247285 5 0.0247285 3 0 0.0643716 2 0.0643716 5 0.0643716 5 1 0.0490808 2 0.0490808 3 0.0490808 4 0.0490808 5 0.0490808 5 0 0.0494191 1 0.0494191 2 0.0494191 3 0.0494191 4 0.0494191 2 0 0.119701 2 0.0598504 2 0 0.0600555 2 0.120111 2 0 0.0478663 5 0.0957325 2 1 0.0478663 5 0.0957325 4 1 0.0687615 2 0.0687615 3 0.0343807 4 0.0687615 4 1 0.074766 2 0.037383 3 0.074766 4 0.074766 4 1 0.0399152 2 0.0798304 3 0.0798304 4 0.0798304 2 3 0.0439776 4 0.0879552 4 1 0.0794268 2 0.0794268 3 0.0794268 4 0.0397134 2 3 0.103686 4 0.0518432
16 2 0 0.0479081 4 0.0479081 2 1 0.0479081 4 0.0479081 2 0 0.0605454 2 0.0605454 1 3 0.505441 3 1 0.102047 2 0.102047 3 0.102047 3 0 0.0247285 1 0.0247285 4 0.0247285 3 0 0.0643716 2 0.0643716 4 0.0643716 4 1 0.0490808 2 0.0490808 3 0.0490808 4 0.0490808 4 0 0.0494191 1 0.0494191 2 0.0494191 3 0.0494191 2 0 0.119701 2 0.0598504 3 1 0.0399152 2 0.0798304 3 0.0798304 2 0 0.0600555 2 0.120111 2 0 0.0478663 4 0.0957325 3 1 0.0687615 2 0.0687615 3 0.0343807 3 1 0.074766 2 0.037383 3 0.074766 2 1 0.0478663 4 0.0957325
4 1 0 0.389494 2 0 0.151412 1 0.151412 2 0 0.103686 1 0.0518432 2 0 0.0439776 1 0.0879552
15 1 4 0.620774 3 0 0.0468863 2 0.0468863 4 0.0468863 2 0 0.0605454 1 0.0605454 2 1 0.0479081 3 0.0479081 2 2 0.0479081 3 0.0479081 4 0 0.0494191 1 0.0494191 2 0.0494191 4 0.0494191 3 0 0.0643716 1 0.0643716 3 0.0643716 4 0 0.0490808 2 0.0490808 3 0.0490808 4 0.0490808 3 1 0.0247285 2 0.0247285 3 0.0247285 3 0 0.037383 2 0.074766 4 0.074766 2 2 0.0478663 3 0.0957325 2 0 0.0598504 1 0.119701 2 1 0.0478663 3 0.0957325 3 0 0.0798304 2 0.0399152 4 0.0798304 2 0 0.120111 1 0.0600555
15 1 4 0.887052 3 0 0.047974 2 0.047974 4 0.047974 2 0 0.0605454 1 0.0605454 2 1 0.0479081 3 0.0479081 2 2 0.0479081 3 0.0479081 4 0 0.050629 1 0.050629 2 0.050629 4 0.050629 3 0 0.0643716 1 0.0643716 3 0.0643716 4 0 0.050274 2 0.050274 3 0.050274 4 0.050274 3 1 0.0247285 2 0.0247285 3 0.0247285 3 0 0.0380712 2 0.0761424 4 0.0761424 2 2 0.0478663 3 0.0957325 2 0 0.0598504 1 0.119701 2 1 0.0478663 3 0.0957325 3 0 0.0814016 2 0.0407008 4 0.0814016 2 0 0.120111 1 0.0600555
15 1 4 0.887052 3 0 0.047974 2 0.047974 4 0.047974 2 0 0.0605454 1 0.0605454 2 1 0.0479081 3 0.0479081 2 2 0.0479081 3 0.0479081 4 0 0.050629 1 0.050629 2 0.050629 4 0.050629 3 0 0.0643716 1 0.0643716 3 0.0643716 4 0 0.050274 2 0.050274 3 0.050274 4 0.050274 3 1 0.0247285 2 0.0247285 3 0.0247285 3 0 0.0380712 2 0.0761424 4 0.0761424 2 2 0.0478663 3 0.0957325 2 0 0.0598504 1 0.119701 2 1 0.0478663 3 0.0957325 3 0 0.0814016 2 0.0407008 4 0.0814016 2 0 0.120111 1 0.0600555
15 1 4 0.887052 3 0 0.047974 2 0.047974 4 0.047974 2 0 0.0605454 1 0.0605454 2 1 0.0479081 3 0.0479081 2 2 0.0479081 3 0.0479081 4 0 0.050629 1 0.050629 2 0.050629 4 0.050629 3 0 0.0643716 1 0.0643716 3 0.0643716 4 0 0.050274 2 0.050274 3 0.050274 4 0.050274 3 1 0.0247285 2 0.0247285 3 0.0247285 3 0 0.0380712 2 0.0761424 4 0.0761424 2 2 0.0478663 3 0.0957325 2 0 0.0598504 1 0.119701 2 1 0.0478663 3 0.0957325 3 0 0.0814016 2 0.0407008 4 0.0814016 2 0 0.120111 1 0.0600555
3 2 0 0.0683102 1 0.0683102 1 0 0.555395 2 0 0.0283741 1 0.0567481
3 2 0 0.0683108 1 0.0683108 1 0 0.555415 2 0 0.0283741 1 0.0567482
3 1 0 0.555395 2 0 0.0683102 1 0.0683102 2 0 0.0283741 1 0.0567481
3 1 0 0.555395 2 0 0.0648231 1 0.0648231 2 0 0.0283741 1 0.0567481
3 1 0 0.555395 2 0 0.0648231 1 0.0648231 2 0 0.0283741 1 0.0567481
8 1 0 0.0707428 2 1 0.166195 2 0.166195 3 0 0.0514008 1 0.0514008 2 0.0514008 3 0 0.0445958 1 0.0445958 3 0.0445958 2 1 0.111287 3 0.111287 4 0 0.0354368 1 0.0354368 2 0.0354368 3 0.0354368 3 0 0.0367226 1 0.0734452 2 0.0734452 3 0 0.0301348 1 0.0602696 3 0.0602696
21 1 5 1.04214 3 0 0.0445958 4 0.0445958 5 0.0445958 1 1 0.0618943 3 0 0.0514008 1 0.0514008 3 0.0514008 1 0 0.0707428 5 0 0.0354368 1 0.0354368 3 0.0354368 4 0.0354368 5 0.0354368 2 2 0.0618943 4 0.0618943 2 2 0.129174 3 0.129174 3 2 0.102046 3 0.102046 4 0.102046 4 0 0.0608183 1 0.0608183 2 0.0608183 3 0.0608183 4 0 0.0445958 2 0.0445958 4 0.0445958 5 0.0445958 3 1 0.0436719 2 0.0436719 3 0.0436719 3 0 0.0301348 4 0.0602696 5 0.0602696 2 2 0.0520438 4 0.104088 3 0 0.0367226 1 0.0734452 3 0.0734452 2 2 0.123789 4 0.0618943 3 0 0.0650223 1 0.0325112 3 0.0650223 3 0 0.0509007 4 0.0254504 5 0.0509007 2 2 0.0925972 3 0.185194 2 2 0.258349 3 0.129174 3 0 0.0642797 1 0.0642797 3 0.0321399
8 3 0 0.0514008 1 0.0514008 2 0.0514008 2 1 0.166195 2 0.166195 3 0 0.0445958 1 0.0445958 3 0.0445958 2 1 0.111287 3 0.111287 1 0 0.0707428 4 0 0.0354368 1 0.0354368 2 0.0354368 3 0.0354368 3 0 0.0367226 1 0.0734452 2 0.0734452 3 0 0.0301348 1 0.0602696 3 0.0602696
7 1 1 0.0618943 1 2 0.556743 1 0 0.129174 3 0 0.0573315 1 0.0573315 2 0.0573315 2 0 0.0436719 1 0.0436719 3 0 0.0321399 1 0.0642797 2 0.0642797 3 0 0.0650223 1 0.0325112 2 0.0650223
11 1 1 0.0618943 2 2 0.0445958 3 0.0445958 1 2 0.0707428 1 0 0.129174 3 0 0.0573315 1 0.0573315 2 0.0573315 2 0 0.0436719 1 0.0436719 4 0 0.0354368 1 0.0354368 2 0.0354368 3 0.0354368 3 0 0.0321399 1 0.0642797 2 0.0642797 3 0 0.0734452 1 0.0734452 2 0.0367226 3 0 0.0650223 1 0.0325112 2 0.0650223 2 2 0.0301348 3 0.0602696
17 1 4 1.04214 3 1 0.0426919 3 0.0426919 4 0.0426919 2 0 0.0618943 1 0.0618943 2 2 0.0488879 3 0.0488879 2 0 0.129174 2 0.129174 4 0 0.0445958 1 0.0445958 3 0.0445958 4 0.0445958 3 0 0.102046 1 0.102046 2 0.102046 3 0 0.0608183 2 0.0608183 3 0.0608183 4 1 0.0354368 2 0.0354368 3 0.0354368 4 0.0354368 2 0 0.123789 1 0.0618943 2 0 0.0520438 1 0.104088 3 1 0.0602696 3 0.0301348 4 0.0602696 2 0 0.258349 2 0.129174 2 0 0.0925972 2 0.185194 3 1 0.0254504 3 0.0509007 4 0.0509007 2 2 0.0321399 3 0.0642797 2 2 0.0734452 3 0.0367226
18 1 4 1.04214 1 3 0.0707428 3 1 0.0445958 3 0.0445958 4 0.0445958 2 0 0.0618943 1 0.0618943 2 2 0.0514008 3 0.0514008 2 0 0.129174 2 0.129174 4 0 0.0445958 1 0.0445958 3 0.0445958 4 0.0445958 3 0 0.102046 1 0.102046 2 0.102046 3 0 0.0608183 2 0.0608183 3 0.0608183 4 1 0.0354368 2 0.0354368 3 0.0354368 4 0.0354368 2 0 0.123789 1 0.0618943 2 0 0.0520438 1 0.104088 3 1 0.0602696 3 0.0301348 4 0.0602696 2 0 0.258349 2 0.129174 2 0 0.0925972 2 0.185194 3 1 0.0254504 3 0.0509007 4 0.0509007 2 2 0.0321399 3 0.0642797 2 2 0.0734452 3 0.0367226
20 1 3 0.0618943 1 5 1.04214 3 1 0.0426919 4 0.0426919 5 0.0426919 2 0 0.0618943 1 0.0618943 3 2 0.0488879 3 0.0488879 4 0.0488879 2 0 0.129174 2 0.129174 4 0 0.0445958 1 0.0445958 4 0.0445958 5 0.0445958 3 0 0.102046 1 0.102046 2 0.102046 3 0 0.0436719 2 0.0436719 3 0.0436719 4 0 0.0608183 2 0.0608183 3 0.0608183 4 0.0608183 5 1 0.0354368 2 0.0354368 3 0.0354368 4 0.0354368 5 0.0354368 2 0 0.123789 1 0.0618943 2 0 0.0520438 1 0.104088 3 1 0.0602696 4 0.0301348 5 0.0602696 2 0 0.258349 2 0.129174 2 0 0.0925972 2 0.185194 3 1 0.0254504 4 0.0509007 5 0.0509007 3 2 0.0321399 3 0.0642797 4 0.0642797 3 2 0.0650223 3 0.0325112 4 0.0650223 3 2 0.0734452 3 0.0734452 4 0.0367226
21 1 3 0.0618943 1 5 1.04214 3 1 0.0445958 4 0.0445958 5 0.0445958 2 0 0.0618943 1 0.0618943 3 2 0.0514008 3 0.0514008 4 0.0514008 2 0 0.129174 2 0.129174 1 4 0.0707428 3 0 0.102046 1 0.102046 2 0.102046 4 0 0.0445958 1 0.0445958 4 0.0445958 5 0.0445958 3 0 0.0436719 2 0.0436719 3 0.0436719 4 0 0.0608183 2 0.0608183 3 0.0608183 4 0.0608183 5 1 0.0354368 2 0.0354368 3 0.0354368 4 0.0354368 5 0.0354368 2 0 0.123789 1 0.0618943 2 0 0.0520438 1 0.104088 3 1 0.0602696 4 0.0301348 5 0.0602696 2 0 0.258349 2 0.129174 2 0 0.0925972 2 0.185194 3 1 0.0254504 4 0.0509007 5 0.0509007 3 2 0.0321399 3 0.0642797 4 0.0642797 3 2 0.0650223 3 0.0325112 4 0.0650223 3 2 0.0734452 3 0.0734452 4 0.0367226
7 1 2 0.556743 1 1 0.0618943 1 0 0.129174 3 0 0.0573315 1 0.0573315 2 0.0573315 2 0 0.0436719 1 0.0436719 3 0 0.0321399 1 0.0642797 2 0.0642797 3 0 0.0650223 1 0.0325112 2 0.0650223
21 1 3 0.0618943 3 0 0.0514008 3 0.0514008 4 0.0514008 1 0 0.0707428 3 0 0.0445958 1 0.0445958 5 0.0445958 2 2 0.129174 4 0.129174 1 5 1.04214 2 1 0.0618943 2 0.0618943 4 0 0.0445958 1 0.0445958 2 0.0445958 5 0.0445958 3 2 0.0436719 3 0.0436719 4 0.0436719 3 1 0.102046 2 0.102046 4 0.102046 4 0 0.0608183 2 0.0608183 3 0.0608183 4 0.0608183 5 0 0.0354368 1 0.0354368 3 0.0354368 4 0.0354368 5 0.0354368 3 0 0.0509007 1 0.0254504 5 0.0509007 3 0 0.0650223 3 0.0325112 4 0.0650223 3 0 0.0301348 1 0.0602696 5 0.0602696 2 2 0.0925972 4 0.185194 2 1 0.104088 2 0.0520438 2 2 0.258349 4 0.129174 2 1 0.0618943 2 0.123789 3 0 0.0367226 3 0.0734452 4 0.0734452 3 0 0.0642797 3 0.0642797 4 0.0321399
21 1 3 0.0618943 3 0 0.0514008 3 0.0514008 4 0.0514008 1 0 0.0707428 3 0 0.0445958 1 0.0445958 5 0.0445958 2 2 0.129174 4 0.129174 1 5 1.04214 2 1 0.0618943 2 0.0618943 4 0 0.0445958 1 0.0445958 2 0.0445958 5 0.0445958 3 2 0.0436719 3 0.0436719 4 0.0436719 3 1 0.102046 2 0.102046 4 0.102046 4 0 0.0608183 2 0.0608183 3 0.0608183 4 0.0608183 5 0 0.0262475 1 0.0262475 3 0.0262475 4 0.0262475 5 0.0262475 3 0 0.0509007 1 0.0254504 5 0.0509007 3 0 0.0650223 3 0.0325112 4 0.0650223 3 0 0.0301348 1 0.0602696 5 0.0602696 2 2 0.0925972 4 0.185194 2 1 0.104088 2 0.0520438 2 2 0.258349 4 0.129174 2 1 0.0618943 2 0.123789 3 0 0.0367226 3 0.0734452 4 0.0734452 3 0 0.0642797 3 0.0642797 4 0.0321399
17 2 0 0.05453 5 0.05453 2 1 1.32031 4 1.32031 3 0 0.05453 1 0.05453 4 0.05453 4 0 0.0610621 1 0.0610621 4 0.0610621 5 0.0610621 2 1 1.32031 2 1.32031 3 0 0.05453 1 0.05453 2 0.05453 4 0 0.0610621 1 0.0610621 2 0.0610621 4 0.0610621 2 0 0.05453 3 0.05453 4 0 0.0610621 1 0.0610621 2 0.0610621 5 0.0610621 4 0 0.0610621 1 0.0610621 3 0.0610621 4 0.0610621 3 0 0.0610621 3 0.0610621 5 0.0610621 4 0 0.0610621 1 0.0610621 2 0.0610621 3 0.0610621 6 0 0.0288375 1 0.0288375 2 0.0288375 3 0.0288375 4 0.0288375 5 0.0288375 3 0 0.0544454 1 0.108891 2 0.108891 2 0 0.0544454 3 0.108891 3 0 0.0544454 1 0.108891 4 0.108891 2 0 0.0544454 5 0.108891
9 2 0 0.0561298 1 0.0561298 2 0 0.0561298 2 0.0561298 2 0 0.0561298 3 0.0561298 3 0 0.0652255 1 0.0652255 2 0.0652255 3 0 0.0652255 1 0.0652255 3 0.0652255 3 0 0.0652255 2 0.0652255 3 0.0652255 2 0 0.0560401 2 0.11208 2 0 0.0560401 1 0.11208 2 0 0.0560401 3 0.11208
9 2 0 0.0561298 2 0.0561298 2 0 0.0561298 3 0.0561298 3 0 0.0652255 2 0.0652255 3 0.0652255 2 0 0.0561298 1 0.0561298 3 0 0.0652255 1 0.0652255 2 0.0652255 3 0 0.0652255 1 0.0652255 3 0.0652255 2 0 0.0560401 2 0.11208 2 0 0.0560401 1 0.11208 2 0 0.0560401 3 0.11208
9 2 0 0.0561298 2 0.0561298 2 0 0.0561298 3 0.0561298 3 0 0.0652255 2 0.0652255 3 0.0652255 2 0 0.0561298 1 0.0561298 3 0 0.0652255 1 0.0652255 2 0.0652255 3 0 0.0652255 1 0.0652255 3 0.0652255 2 0 0.0560401 3 0.11208 2 0 0.0560401 1 0.11208 2 0 0.0560401 2 0.11208
9 2 0 0.0561298 2 0.0561298 2 0 0.0561298 3 0.0561298 3 0 0.0652255 2 0.0652255 3 0.0652255 2 0 0.0561298 1 0.0561298 3 0 0.0652255 1 0.0652255 2 0.0652255 3 0 0.0652255 1 0.0652255 3 0.0652255 2 0 0.0560401 1 0.11208 2 0 0.0560401 2 0.11208 2 0 0.0560401 3 0.11208
17 2 0 0.0561298 5 0.0561298 2 1 4.26031 4 4.26031 3 0 0.0561298 1 0.0561298 4 0.0561298 4 0 0.0652255 1 0.0652255 4 0.0652255 5 0.0652255 2 1 4.2603 2 4.2603 3 0 0.0561298 1 0.0561298 2 0.0561298 4 0 0.0652255 1 0.0652255 2 0.0652255 4 0.0652255 2 0 0.0561298 3 0.0561298 4 0 0.0652255 1 0.0652255 2 0.0652255 5 0.0652255 4 0 0.0652255 1 0.0652255 3 0.0652255 4 0.0652255 3 0 0.0652255 3 0.0652255 5 0.0652255 4 0 0.0652255 1 0.0652255 2 0.0652255 3 0.0652255 6 0 0.0297338 1 0.0297338 2 0.0297338 3 0.0297338 4 0.0297338 5 0.0297338 3 0 0.0560401 1 0.11208 2 0.11208 2 0 0.0560401 3 0.11208 3 0 0.0560401 1 0.11208 4 0.11208 2 0 0.0560401 5 0.11208
9 2 0 0.05453 3 0.05453 2 0 0.05453 1 0.05453 3 0 0.0610621 1 0.0610621 3 0.0610621 2 0 0.05453 2 0.05453 3 0 0.0610621 2 0.0610621 3 0.0610621 3 0 0.0610621 1 0.0610621 2 0.0610621 2 0 0.0544454 1 0.108891 2 0 0.0544454 2 0.108891 2 0 0.0544454 3 0.108891
16 2 0 0.05453 4 0.05453 2 1 1.32031 5 1.32031 3 0 0.05453 1 0.05453 5 0.05453 4 0 0.0610621 1 0.0610621 4 0.0610621 5 0.0610621 2 1 1.32031 2 1.32031 3 0 0.05453 1 0.05453 2 0.05453 4 0 0.0610621 1 0.0610621 2 0.0610621 5 0.0610621 2 0 0.05453 3 0.05453 3 0 0.0610621 3 0.0610621 4 0.0610621 4 0 0.0610621 1 0.0610621 3 0.0610621 5 0.0610621 4 0 0.0610621 1 0.0610621 2 0.0610621 3 0.0610621 6 0 0.0288375 1 0.0288375 2 0.0288375 3 0.0288375 4 0.0288375 5 0.0288375 3 0 0.0544454 1 0.108891 2 0.108891 2 0 0.0544454 3 0.108891 3 0 0.0544454 1 0.108891 5 0.108891 2 0 0.0544454 4 0.108891
6 1 0 0.277243 2 0 0.0946271 2 0.0946271 2 0 0.100714 1 0.100714 3 0 0.0346758 1 0.0346758 2 0.0346758 2 0 0.0342282 1 0.0684564 2 0 0.0313902 2 0.0627803
6 1 0 0.277243 2 0 0.100714 1 0.100714 2 0 0.0946271 2 0.0946271 3 0 0.0346758 1 0.0346758 2 0.0346758 2 0 0.0313902 2 0.0627803 2 0 0.0342282 1 0.0684564
6 1 0 0.277243 2 0 0.0946271 1 0.0946271 2 0 0.100714 2 0.100714 3 0 0.0346758 1 0.0346758 2 0.0346758 2 0 0.0313902 1 0.0627803 2 0 0.0342282 2 0.0684564
3 1 0 0.134098 2 0 0.122705 1 0.122705 2 0 0.0644889 1 0.128978
3 1 0 0.134098 2 0 0.122705 1 0.122705 2 0 0.0644889 1 0.128978
3 1 0 0.134098 2 0 0.122705 1 0.122705 2 0 0.0644889 1 0.128978
1 1 0 0.0647662
1 1 0 0.0647662
1 1 0 0.0647662
8 2 1 0.0683701 2 0.0683701 3 0 0.0894056 1 0.0894056 2 0.0894056 1 0 0.0578615 3 0 0.0620317 1 0.124063 2 0.124063 2 1 0.0544544 2 0.108909 2 1 0.0980961 2 0.049048 3 0 0.117293 1 0.0586464 2 0.117293 3 0 0.108254 1 0.108254 2 0.0541269
19 3 0 0.0479081 1 0.0479081 5 0.0479081 4 2 0.0894056 3 0.0894056 4 0.0894056 5 0.0894056 2 2 0.0683701 3 0.0683701 3 0 0.0578615 1 0.0578615 4 0.0578615 5 0 0.0332731 1 0.0332731 2 0.0332731 3 0.0332731 4 0.0332731 4 0 0.0297516 1 0.0297516 4 0.0297516 5 0.0297516 6 0 0.0873915 1 0.0873915 2 0.0873915 3 0.0873915 4 0.0873915 5 0.0873915 3 0 0.0273441 1 0.0546882 4 0.0546882 3 0 0.0256811 1 0.0513621 5 0.0513621 2 2 0.0544544 3 0.108909 2 2 0.0980961 3 0.049048 4 2 0.124063 3 0.124063 4 0.0620317 5 0.124063 3 0 0.0546882 1 0.0273441 4 0.0546882 4 2 0.0586464 3 0.117293 4 0.117293 5 0.117293 3 0 0.0957325 1 0.0957325 5 0.0478663 4 2 0.108254 3 0.0541269 4 0.108254 5 0.108254 4 2 0.123793 3 0.123793 4 0.123793 5 0.0618966 3 0 0.115601 1 0.115601 4 0.0578004 3 0 0.0507297 1 0.0253649 5 0.0507297
22 2 5 0.0683701 6 0.0683701 1 4 0.0728686 3 4 0.0368697 5 0.0368697 6 0.0368697 3 0 0.0578615 1 0.0578615 2 0.0578615 5 0 0.0332731 1 0.0332731 2 0.0332731 5 0.0332731 6 0.0332731 3 0 0.0479081 1 0.0479081 3 0.0479081 5 2 0.0894056 3 0.0894056 4 0.0894056 5 0.0894056 6 0.0894056 4 0 0.0297516 1 0.0297516 2 0.0297516 3 0.0297516 7 0 0.0873915 1 0.0873915 2 0.0873915 3 0.0873915 4 0.0873915 5 0.0873915 6 0.0873915 3 0 0.0273441 1 0.0546882 2 0.0546882 3 0 0.0256811 1 0.0513621 3 0.0513621 5 2 0.0620317 3 0.124063 4 0.124063 5 0.124063 6 0.124063 3 0 0.0507297 1 0.0253649 3 0.0507297 5 2 0.123793 3 0.0618966 4 0.123793 5 0.123793 6 0.123793 3 0 0.0957325 1 0.0957325 3 0.0478663 3 0 0.115601 1 0.115601 2 0.0578004 2 5 0.0544544 6 0.108909 3 0 0.0546882 1 0.0273441 2 0.0546882 5 2 0.108254 3 0.108254 4 0.108254 5 0.108254 6 0.0541269 5 2 0.118238 3 0.118238 4 0.0591192 5 0.118238 6 0.118238 5 2 0.117293 3 0.117293 4 0.117293 5 0.0586464 6 0.117293 2 5 0.0980961 6 0.049048
8 3 0 0.0894056 1 0.0894056 2 0.0894056 2 0 0.0683701 1 0.0683701 1 2 0.0578615 2 0 0.0544544 1 0.108909 3 0 0.0586464 1 0.117293 2 0.117293 3 0 0.108254 1 0.0541269 2 0.108254 2 0 0.0980961 1 0.049048 3 0 0.124063 1 0.124063 2 0.0620317
8 3 0 0.0894056 1 0.0894056 2 0.0894056 2 0 0.0683701 1 0.0683701 1 2 0.0728686 2 0 0.0544544 1 0.108909 3 0 0.0586464 1 0.117293 2 0.117293 3 0 0.108254 1 0.0541269 2 0.108254 3 0 0.118238 1 0.118238 2 0.0591192 2 0 0.0980961 1 0.049048
12 4 0 0.0894056 1 0.0894056 2 0.0894056 3 0.0894056 2 0 0.0683701 1 0.0683701 1 2 0.0578615 1 3 0.0728686 3 0 0.0332731 1 0.0332731 2 0.0332731 3 0 0.0368697 1 0.0368697 3 0.0368697 2 0 0.0544544 1 0.108909 4 0 0.124063 1 0.124063 2 0.0620317 3 0.124063 4 0 0.0586464 1 0.117293 2 0.117293 3 0.117293 2 0 0.0980961 1 0.049048 4 0 0.108254 1 0.0541269 2 0.108254 3 0.108254 4 0 0.118238 1 0.118238 2 0.118238 3 0.0591192
12 2 0 0.062441 3 0.062441 3 1 0.0578615 2 0.0578615 3 0.0578615 3 0 0.0479081 1 0.0479081 2 0.0479081 4 0 0.0873915 1 0.0873915 2 0.0873915 3 0.0873915 3 1 0.0546882 2 0.0273441 3 0.0546882 2 0 0.0618966 3 0.123793 3 0 0.0507297 1 0.0507297 2 0.0253649 3 1 0.115601 2 0.115601 3 0.0578004 3 1 0.0273441 2 0.0546882 3 0.0546882 3 0 0.0478663 1 0.0957325 2 0.0957325 2 0 0.124063 3 0.0620317 3 0 0.0513621 1 0.0256811 2 0.0513621
19 2 3 0.0683701 4 0.0683701 4 0 0.0894056 3 0.0894056 4 0.0894056 5 0.0894056 3 1 0.0578615 2 0.0578615 5 0.0578615 5 1 0.0332731 2 0.0332731 3 0.0332731 4 0.0332731 5 0.0332731 3 0 0.0479081 1 0.0479081 2 0.0479081 6 0 0.0873915 1 0.0873915 2 0.0873915 3 0.0873915 4 0.0873915 5 0.0873915 4 0 0.0297516 1 0.0297516 2 0.0297516 5 0.0297516 3 1 0.0546882 2 0.0273441 5 0.0546882 2 3 0.0544544 4 0.108909 4 0 0.108254 3 0.108254 4 0.0541269 5 0.108254 4 0 0.124063 3 0.124063 4 0.124063 5 0.0620317 3 0 0.0507297 1 0.0507297 2 0.0253649 3 1 0.115601 2 0.115601 5 0.0578004 3 1 0.0273441 2 0.0546882 5 0.0546882 4 0 0.117293 3 0.0586464 4 0.117293 5 0.117293 3 0 0.0478663 1 0.0957325 2 0.0957325 2 3 0.0980961 4 0.049048 4 0 0.0618966 3 0.123793 4 0.123793 5 0.123793 3 0 0.0513621 1 0.0256811 2 0.0513621
22 2 3 0.0683701 4 0.0683701 1 6 0.0728686 5 0 0.0894056 3 0.0894056 4 0.0894056 5 0.0894056 6 0.0894056 3 3 0.0368697 4 0.0368697 6 0.0368697 3 1 0.0578615 2 0.0578615 5 0.0578615 5 1 0.0332731 2 0.0332731 3 0.0332731 4 0.0332731 5 0.0332731 3 0 0.0479081 1 0.0479081 2 0.0479081 7 0 0.0873915 1 0.0873915 2 0.0873915 3 0.0873915 4 0.0873915 5 0.0873915 6 0.0873915 4 0 0.0297516 1 0.0297516 2 0.0297516 5 0.0297516 3 1 0.0546882 2 0.0273441 5 0.0546882 2 3 0.0544544 4 0.108909 5 0 0.117293 3 0.0586464 4 0.117293 5 0.117293 6 0.117293 5 0 0.118238 3 0.118238 4 0.118238 5 0.118238 6 0.0591192 3 0 0.0507297 1 0.0507297 2 0.0253649 5 0 0.108254 3 0.108254 4 0.0541269 5 0.108254 6 0.108254 3 1 0.115601 2 0.115601 5 0.0578004 3 1 0.0273441 2 0.0546882 5 0.0546882 5 0 0.0618966 3 0.123793 4 0.123793 5 0.123793 6 0.123793 3 0 0.0478663 1 0.0957325 2 0.0957325 2 3 0.0980961 4 0.049048 5 0 0.124063 3 0.124063 4 0.124063 5 0.0620317 6 0.124063 3 0 0.0513621 1 0.0256811 2 0.0513621
8 2 1 0.0683701 2 0.0683701 3 0 0.0894056 1 0.0894056 2 0.0894056 1 0 0.0728686 3 0 0.108254 1 0.0541269 2 0.108254 2 1 0.049048 2 0.0980961 2 1 0.108909 2 0.0544544 3 0 0.117293 1 0.117293 2 0.0586464 3 0 0.0591192 1 0.118238 2 0.118238
22 2 5 0.0683701 6 0.0683701 1 3 0.0728686 3 3 0.0368697 5 0.0368697 6 0.0368697 3 0 0.0578615 1 0.0578615 4 0.0578615 5 0 0.0332731 1 0.0332731 4 0.0332731 5 0.0332731 6 0.0332731 5 2 0.0894056 3 0.0894056 4 0.0894056 5 0.0894056 6 0.0894056 3 0 0.0479081 1 0.0479081 2 0.0479081 4 0 0.0297516 1 0.0297516 2 0.0297516 4 0.0297516 7 0 0.0873915 1 0.0873915 2 0.0873915 3 0.0873915 4 0.0873915 5 0.0873915 6 0.0873915 3 0 0.0273441 1 0.0546882 4 0.0546882 2 5 0.049048 6 0.0980961 3 0 0.0253649 1 0.0507297 2 0.0507297 3 0 0.115601 1 0.115601 4 0.0578004 3 0 0.0513621 1 0.0256811 2 0.0513621 5 2 0.124063 3 0.124063 4 0.0620317 5 0.124063 6 0.124063 3 0 0.0957325 1 0.0957325 2 0.0478663 5 2 0.108254 3 0.108254 4 0.108254 5 0.0541269 6 0.108254 2 5 0.108909 6 0.0544544 5 2 0.118238 3 0.0591192 4 0.118238 5 0.118238 6 0.118238 5 2 0.0618966 3 0.123793 4 0.123793 5 0.123793 6 0.123793 5 2 0.117293 3 0.117293 4 0.117293 5 0.117293 6 0.0586464 3 0 0.0546882 1 0.0273441 4 0.0546882
8 2 1 0.0683701 2 0.0683701 3 0 0.0894056 1 0.0894056 2 0.0894056 1 0 0.0728686 3 0 0.108254 1 0.0541269 2 0.108254 2 1 0.049048 2 0.0980961 2 1 0.108909 2 0.0544544 3 0 0.117293 1 0.117293 2 0.0586464 3 0 0.0591192 1 0.118238 2 0.118238
8 2 1 0.0683701 2 0.0683701 3 0 0.0894056 1 0.0894056 2 0.0894056 1 0 0.0728686 3 0 0.108254 1 0.0541269 2 0.108254 2 1 0.049048 2 0.0980961 2 1 0.108909 2 0.0544544 3 0 0.117293 1 0.117293 2 0.0586464 3 0 0.0591192 1 0.118238 2 0.118238
22 2 5 0.0683701 6 0.0683701 1 3 0.0728686 3 3 0.0368697 5 0.0368697 6 0.0368697 3 0 0.0578615 1 0.0578615 4 0.0578615 5 0 0.0332731 1 0.0332731 4 0.0332731 5 0.0332731 6 0.0332731 5 2 0.0894056 3 0.0894056 4 0.0894056 5 0.0894056 6 0.0894056 3 0 0.0479081 1 0.0479081 2 0.0479081 4 0 0.0297516 1 0.0297516 2 0.0297516 4 0.0297516 7 0 0.0873915 1 0.0873915 2 0.0873915 3 0.0873915 4 0.0873915 5 0.0873915 6 0.0873915 3 0 0.0273441 1 0.0546882 4 0.0546882 2 5 0.049048 6 0.0980961 3 0 0.0253649 1 0.0507297 2 0.0507297 3 0 0.115601 1 0.115601 4 0.0578004 3 0 0.0513621 1 0.0256811 2 0.0513621 5 2 0.124063 3 0.124063 4 0.0620317 5 0.124063 6 0.124063 3 0 0.0957325 1 0.0957325 2 0.0478663 5 2 0.108254 3 0.108254 4 0.108254 5 0.0541269 6 0.108254 2 5 0.108909 6 0.0544544 5 2 0.118238 3 0.0591192 4 0.118238 5 0.118238 6 0.118238 5 2 0.0618966 3 0.123793 4 0.123793 5 0.123793 6 0.123793 5 2 0.117293 3 0.117293 4 0.117293 5 0.117293 6 0.0586464 3 0 0.0546882 1 0.0273441 4 0.0546882
3 1 0 0.370195 2 0 0.126163 1 0.126163 2 0 0.039656 1 0.0793119
3 1 0 0.370196 2 0 0.126163 1 0.126163 2 0 0.039656 1 0.0793119
3 1 0 0.370195 2 0 0.126163 1 0.126163 2 0 0.039656 1 0.0793119
3 1 0 0.370195 2 0 0.126163 1 0.126163 2 0 0.039656 1 0.0793119
1 1 0 0.112029
1 1 0 0.112029
