16 2 0 0.0675588 1 0.0675588 2 0 0.0752575 2 0.0752575 3 0 0.0445779 1 0.0445779 2 0.0445779 2 1 0.0561446 3 0.0561446 3 0 0.0693556 1 0.0693556 3 0.0693556 2 2 0.0444112 3 0.0444112 3 0 0.0464399 2 0.0464399 3 0.0464399 3 1 0.0528043 2 0.0528043 3 0.0528043 2 0 0.135118 1 0.0675588 2 0 0.0336989 1 0.0673977 2 2 0.0317027 3 0.0634054 2 2 0.0803516 3 0.0401758 2 1 0.0456352 3 0.0912703 2 0 0.0464093 2 0.0928186 2 0 0.15033 2 0.0751649 2 1 0.111031 3 0.0555154
16 2 0 0.0752575 1 0.0752575 2 0 0.0444112 2 0.0444112 3 0 0.0464399 1 0.0464399 2 0.0464399 2 1 0.0675588 3 0.0675588 3 0 0.0445779 1 0.0445779 3 0.0445779 2 2 0.0561446 3 0.0561446 3 0 0.0528043 2 0.0528043 3 0.0528043 3 1 0.0693556 2 0.0693556 3 0.0693556 2 0 0.0928186 1 0.0464093 2 0 0.0751649 1 0.15033 2 2 0.0555154 3 0.111031 2 2 0.0912703 3 0.0456352 2 1 0.0336989 3 0.0673977 2 0 0.0317027 2 0.0634054 2 0 0.0803516 2 0.0401758 2 1 0.135118 3 0.0675588
16 2 0 0.0752575 1 0.0752575 2 0 0.0444112 2 0.0444112 3 0 0.0464399 1 0.0464399 2 0.0464399 2 1 0.0675588 3 0.0675588 3 0 0.0445779 1 0.0445779 3 0.0445779 2 2 0.0561446 3 0.0561446 3 0 0.0528043 2 0.0528043 3 0.0528043 3 1 0.0693556 2 0.0693556 3 0.0693556 2 0 0.0928186 1 0.0464093 2 0 0.0751649 1 0.15033 2 2 0.0555154 3 0.111031 2 2 0.0912703 3 0.0456352 2 1 0.0336989 3 0.0673977 2 0 0.0317027 2 0.0634054 2 0 0.0803516 2 0.0401758 2 1 0.135118 3 0.0675588
16 2 0 0.0752575 1 0.0752575 2 0 0.0444112 2 0.0444112 3 0 0.0464399 1 0.0464399 2 0.0464399 2 1 0.0675588 3 0.0675588 3 0 0.0445779 1 0.0445779 3 0.0445779 2 2 0.0561446 3 0.0561446 3 0 0.0528043 2 0.0528043 3 0.0528043 3 1 0.0693556 2 0.0693556 3 0.0693556 2 0 0.0928186 1 0.0464093 2 0 0.0751649 1 0.15033 2 2 0.0555154 3 0.111031 2 2 0.0912703 3 0.0456352 2 1 0.0336989 3 0.0673977 2 0 0.0317027 2 0.0634054 2 0 0.0803516 2 0.0401758 2 1 0.135118 3 0.0675588
18 1 4 1 1 1 1 2 0 0.0737967 1 0.0737967 2 2 0.103686 4 0.103686 2 1 0.5 4 0.5 2 0 0.0487412 3 0.0487412 3 0 0.0487412 1 0.0487412 3 0.0487412 2 2 0.0482029 3 0.0482029 3 2 0.0481649 3 0.0481649 4 0.0481649 3 0 0.04814 2 0.04814 3 0.04814 2 0 0.0681364 1 0.0340682 2 0 0.0581578 1 0.116316 2 2 0.0335888 3 0.0671775 2 2 0.0751649 4 0.15033 2 2 0.0865073 3 0.0432537 2 0 0.0965325 3 0.0482663 2 2 0.0928186 4 0.0464093 2 0 0.0406202 3 0.0812403
18 1 0 1 2 0 0.0737967 4 0.0737967 2 2 0.0487412 4 0.0487412 3 0 0.0487412 2 0.0487412 4 0.0487412 2 1 0.0482029 2 0.0482029 3 1 0.04814 2 0.04814 4 0.04814 1 3 1 2 0 0.5 3 0.5 2 1 0.103686 3 0.103686 3 1 0.0481649 2 0.0481649 3 0.0481649 2 2 0.0482663 4 0.0965325 2 0 0.0340682 4 0.0681364 2 1 0.0751649 3 0.15033 2 2 0.0812403 4 0.0406202 2 1 0.0865073 2 0.0432537 2 1 0.0928186 3 0.0464093 2 1 0.0335888 2 0.0671775 2 0 0.116316 4 0.0581578
18 1 0 1 2 0 0.103686 1 0.103686 1 2 1 2 2 0.0737967 4 0.0737967 2 0 0.5 2 0.5 2 3 0.0487412 4 0.0487412 2 1 0.0482029 3 0.0482029 3 0 0.0481649 1 0.0481649 3 0.0481649 3 1 0.04814 3 0.04814 4 0.04814 3 2 0.0487412 3 0.0487412 4 0.0487412 2 0 0.15033 1 0.0751649 2 0 0.0464093 1 0.0928186 2 2 0.0340682 4 0.0681364 2 1 0.0335888 3 0.0671775 2 2 0.116316 4 0.0581578 2 3 0.0482663 4 0.0965325 2 3 0.0812403 4 0.0406202 2 1 0.0865073 3 0.0432537
18 1 0 1 2 0 0.103686 1 0.103686 1 2 1 2 2 0.0737967 4 0.0737967 2 0 0.5 2 0.5 2 3 0.0487412 4 0.0487412 2 1 0.0482029 3 0.0482029 3 0 0.0481649 1 0.0481649 3 0.0481649 3 1 0.04814 3 0.04814 4 0.04814 3 2 0.0487412 3 0.0487412 4 0.0487412 2 0 0.15033 1 0.0751649 2 0 0.0464093 1 0.0928186 2 2 0.0340682 4 0.0681364 2 1 0.0335888 3 0.0671775 2 2 0.116316 4 0.0581578 2 3 0.0482663 4 0.0965325 2 3 0.0812403 4 0.0406202 2 1 0.0865073 3 0.0432537
9 1 2 0.5492 1 0 0.0752575 1 1 0.0737257 3 0 0.0574592 1 0.0574592 2 0.0574592 2 0 0.0689823 1 0.0689823 2 0 0.0930975 1 0.0465487 3 0 0.0317027 1 0.0634054 2 0.0634054 2 0 0.0388586 1 0.0777173 3 0 0.0729638 1 0.0364819 2 0.0729638
8 1 2 0.5492 1 0 0.0737257 3 0 0.0574592 1 0.0574592 2 0.0574592 2 0 0.0689823 1 0.0689823 2 0 0.0777173 1 0.0388586 2 0 0.0465487 1 0.0930975 3 0 0.0364819 1 0.0729638 2 0.0729638 3 0 0.0634054 1 0.0317027 2 0.0634054
8 1 2 0.5492 1 1 0.0752575 3 0 0.0464753 1 0.0464753 2 0.0464753 2 0 0.0536884 1 0.0536884 2 0 0.0777173 1 0.0388586 2 0 0.0465487 1 0.0930975 3 0 0.0364819 1 0.0729638 2 0.0729638 3 0 0.0634054 1 0.0317027 2 0.0634054
9 1 2 0.5492 1 0 0.0737257 1 1 0.0752575 3 0 0.0574592 1 0.0574592 2 0.0574592 2 0 0.0689823 1 0.0689823 2 0 0.0777173 1 0.0388586 2 0 0.0465487 1 0.0930975 3 0 0.0364819 1 0.0729638 2 0.0729638 3 0 0.0634054 1 0.0317027 2 0.0634054
9 1 2 0.5492 1 0 0.0752575 1 1 0.0737257 2 0 0.0689823 1 0.0689823 3 0 0.0574592 1 0.0574592 2 0.0574592 2 0 0.0930975 1 0.0465487 2 0 0.0388586 1 0.0777173 3 0 0.0729638 1 0.0364819 2 0.0729638 3 0 0.0317027 1 0.0634054 2 0.0634054
3 1 0 0.0512386 2 0 0.0510433 1 0.0510433 2 0 0.0401758 1 0.0803516
3 1 0 0.0696074 2 0 0.0692475 1 0.0692475 2 0 0.0401758 1 0.0803516
3 1 0 0.0512386 2 0 0.0510433 1 0.0510433 2 0 0.0401758 1 0.0803516